c --- [ banner ] -------------------------------------------------------------
c 
c CaDiCaL SAT Solver
c Copyright (c) 2016-2026
c A. Biere, M. Fleury, N. Froleyks, K. Fazekas, F. Pollitt, T. Faller
c JKU Linz, University of Freiburg, TU Wien
c 
c Version 3.0.1
c Apple clang version 21.0.0 (clang-2100.0.123.102) -Wall -Wextra -O3 -DNDEBUG -DNCLOSEFROM
c Sun Jul 19 15:40:55 UTC 2026 Darwin Tahoe-arm64.local 25.4.0 arm64
c 
c --- [ proof tracing ] ------------------------------------------------------
c 
c opening file to write 'proof/positive-base-unsat.drat'
c writing non-binary proof trace to 'proof/positive-base-unsat.drat'
c 
c --- [ parsing input ] ------------------------------------------------------
c 
c reading DIMACS file from 'proof/positive-base-beta-le-0.cnf'
c opening file to read 'proof/positive-base-beta-le-0.cnf'
c found 'p cnf 365 5740' header
c parsed 5740 clauses in 0.00 seconds process time
c 
c --- [ options ] ------------------------------------------------------------
c 
c   --binary=false                 (different from default 'true')
c   --checkproof=1                 (different from default '3')
c   --stabilize=false              (different from default 'true')
c   --walk=false                   (different from default 'true')
c 
c --- [ solving ] ------------------------------------------------------------
c 
c time measured in process time since initialization
c 
c  seconds  reduction conflicts       size tier2     variables
c         MB    restarts   redundant    glue  trail      remaining
c          level     rate       size/glu tier1 irredundant
c 
c *  0.00  0  0 0   0  0    0    0 0.0 0 0 2 6  0% 5740 365 100%
c )  0.00  0  0 0   0  0    0    0 0.0 0 0 2 6  0% 5740 365 100%
c {  0.00  0  0 0   0  0    0    0 0.0 0 0 2 6  0% 5740 365 100%
c -  0.00  0 14 1   0  1  300   29 1.1 14 12 2 6 99% 5740 365 100%
c -  0.01  0 16 2  11  1  734   83 1.2 16 13 2 6 99% 5740 365 100%
c I  0.01  0 16 2  11  1 1004  216 1.2 16 13 2 6 99% 5740 365 100%
c -  0.01  0 27 3  32  1 1411  113 1.4 19 13 2 6 98% 5740 365 100%
c -  0.02  0 23 4  82  1 2352  165 1.3 18 13 2 6 97% 5740 365 100%
c B  0.03  0 21 4 106  1 3005  616 1.3 18 14 2 6 96% 5740 365 100%
c -  0.03  0 21 5 129  1 3565  245 1.3 18 14 2 6 95% 5740 365 100%
c -  0.04  0 19 6 153  1 5057  833 1.3 17 14 12 13 95% 5740 365 100%
c F  0.05  0 19 6 196  1 6008 1368 1.3 17 14 12 13 94% 5740 365 100%
c -  0.06  0 18 7 219  1 6834 1490 1.3 18 14 12 13 95% 5740 365 100%
c s  0.07  0 18 7 226  1 7952 1153 1.3 17 14 12 13 95% 5740 365 100%
c e  0.07  0 18 7 226  1 7952  377 1.3 17 14 12 13 95% 5412 334 92%
c s  0.08  0 18 7 226  1 7952  257 1.3 17 14 12 13 95% 5412 334 92%
c ^  0.08  0 18 7 226  1 7952  257 1.3 17 14 12 13 95% 5412 334 92%
c -  0.08  0 18 8 240  1 8900  637 1.3 17 14 12 13 95% 5412 334 92%
c B  0.09  0 17 8 246  1 10009 1187 1.3 17 14 12 13 94% 5412 334 92%
c -  0.10  0 17 9 262  1 11258 1406 1.3 17 14 12 13 94% 5412 334 92%
c 
c  seconds  reductions  conflicts       size    tier2      variables
c         MB     restarts    redundant     glue     trail      remaining
c          level      rate        size/glue  tier1   irredundant
c 
c -  0.13  0 17 10 318  1 13911 2463 1.3 17 14 12 13 92% 5412 334 92%
c #  0.14  0 17 10 322  1 15012 3021 1.3 17 14 12 13 92% 5412 334 92%
c -  0.15  0 17 11 359  1 16860 3373 1.3 17 14 12 13 92% 5412 334 92%
c u  0.16  0 17 11 376  1 17810 3849 1.3 17 14 12 13 92% 5412 334 92%
c v  0.17  0 17 11 376  1 17810 3845 1.3 17 14 12 13 92% 5412 334 92%
c w  0.17  0 17 11 376  1 17810 3802 1.3 17 14 12 13 92% 5412 334 92%
c x  0.17  0 17 11 376  1 17810 3802 1.3 17 14 12 13 92% 5412 334 92%
c -  0.19  0 17 12 399  1 20106 4220 1.3 17 14 12 13 92% 5412 334 92%
c B  0.19  0 17 12 405  1 21013 4753 1.3 17 14 12 13 92% 5412 334 92%
c -  0.22  0 17 13 445  1 23652 5164 1.3 17 14 12 13 91% 5412 334 92%
c s  0.23  0 17 13 456  1 24025 2401 1.3 17 14 12 13 91% 5412 334 92%
c e  0.23  0 17 13 456  1 24025 2371 1.3 17 14 12 13 91% 5415 331 91%
c s  0.23  0 17 13 456  1 24025 1768 1.3 17 14 12 13 91% 5415 331 91%
c ^  0.23  0 17 13 456  1 24025 1768 1.3 17 14 12 13 91% 5415 331 91%
c -  0.26  0 16 14 520  1 27496 2897 1.3 17 14 12 13 91% 5415 331 91%
c O  0.27  0 16 14 539  1 28014 3207 1.3 17 14 12 13 91% 5415 331 91%
c -  0.30  0 16 15 681  1 31642 4003 1.3 17 14 12 13 91% 5415 331 91%
c B  0.34  0 16 15 818  1 36017 6164 1.3 17 14 12 13 91% 5415 331 91%
c -  0.34  0 16 16 822  1 36089 5015 1.3 17 14 12 13 91% 5415 331 91%
c u  0.34  0 16 16 822  1 36089 5009 1.3 17 14 12 13 91% 5415 331 91%
c 
c  seconds  reductions  conflicts       size    tier2      variables
c         MB     restarts    redundant     glue     trail      remaining
c          level      rate        size/glue  tier1   irredundant
c 
c w  0.34  0 16 16 822  1 36089 4992 1.3 17 14 12 13 91% 5415 331 91%
c -  0.38  0 16 17 1004  1 40839 5988 1.2 17 14 12 13 90% 5415 331 91%
c I  0.42  0 16 17 1129  1 45019 8258 1.3 17 14 12 13 90% 5415 331 91%
c -  0.43  0 16 18 1155  1 45891 7557 1.3 17 14 12 13 90% 5415 331 91%
c s  0.47  0 16 18 1181  1 48221 5599 1.3 18 14 12 13 90% 5415 331 91%
c s  0.48  0 16 18 1181  1 48221 4573 1.3 18 14 12 13 90% 5415 331 91%
c ^  0.48  0 16 18 1181  1 48221 4573 1.3 18 14 12 13 90% 5415 331 91%
c -  0.51  0 16 19 1228  1 51246 5249 1.3 18 14 12 13 90% 5415 331 91%
c w  0.51  0 16 19 1228  1 51246 5234 1.3 18 14 12 13 90% 5415 331 91%
c B  0.55  0 16 19 1302  1 55021 7202 1.3 17 14 12 13 90% 5415 331 91%
c -  0.56  0 16 20 1778  1 56905 6366 1.3 18 14 12 13 90% 5415 331 91%
c -  0.62  0 16 21 2885  1 62868 6580 1.2 18 14 12 13 90% 5415 331 91%
c F  0.65  0 16 21 2970  1 66022 8284 1.2 18 14 12 13 90% 5415 331 91%
c -  0.67  0 16 22 2981  1 69136 8127 1.2 18 14 12 13 90% 5415 331 91%
c -  0.72  0 16 23 3005  1 75709 10717 1.2 18 14 12 14 90% 5415 331 91%
c u  0.73  0 16 23 3005  1 75709 10710 1.2 18 14 12 14 90% 5415 331 91%
c v  0.73  0 16 23 3005  1 75709 10698 1.2 18 14 12 14 90% 5415 331 91%
c w  0.73  0 16 23 3005  1 75709 10689 1.2 18 14 12 14 90% 5415 331 91%
c x  0.73  0 16 23 3005  1 75709 10689 1.2 18 14 12 14 90% 5411 331 91%
c B  0.75  0 16 23 3033  1 78023 12067 1.2 18 14 12 14 90% 5411 331 91%
c 
c  seconds  reductions   conflicts       size    tier2      variables
c         MB     restarts     redundant     glue     trail      remaining
c          level       rate        size/glue  tier1   irredundant
c 
c s  0.79  0 16 23 3204  1 80478 6905 1.2 18 14 12 14 90% 5411 331 91%
c e  0.79  0 16 23 3204  1 80478 6872 1.2 18 14 12 14 90% 5412 330 90%
c s  0.80  0 16 23 3204  1 80478 5257 1.2 18 14 12 14 90% 5412 330 90%
c ^  0.80  0 16 23 3204  1 80478 5257 1.2 18 14 12 14 90% 5412 330 90%
c -  0.82  0 16 24 3480  1 82587 5211 1.2 18 14 12 14 90% 5412 330 90%
c -  0.88  0 16 25 3684  1 89771 7865 1.2 18 14 12 14 90% 5412 330 90%
c #  0.89  0 16 25 3732  1 91024 8509 1.2 18 14 12 14 90% 5412 330 90%
c -  0.95  0 17 26 5309  1 97262 8046 1.2 18 15 12 14 90% 5412 330 90%
c v  0.95  0 17 26 5309  1 97262 8038 1.2 18 15 12 14 90% 5412 330 90%
c w  0.95  0 17 26 5309  1 97262 8034 1.2 18 15 12 14 90% 5412 330 90%
c B  1.02  0 18 26 7274  1 105026 10327 1.2 19 16 12 14 89% 5411 330 90%
c -  1.03  0 18 27 7284  1 105058 7075 1.2 19 16 12 14 89% 5411 330 90%
c -  1.11  0 18 28 7289  1 113164 10953 1.3 20 16 12 14 89% 5411 330 90%
c O  1.19  0 18 28 7483  1 120027 14932 1.3 20 16 12 14 89% 5411 330 90%
c s  1.22  0 18 28 7483  1 120836 12854 1.3 20 16 12 14 89% 5411 330 90%
c e  1.22  0 18 28 7483  1 120836 12842 1.3 20 16 12 14 89% 5419 329 90%
c s  1.23  0 18 28 7483  1 120836 12785 1.3 20 16 12 14 89% 5419 329 90%
c ^  1.24  0 18 28 7483  1 120836 12785 1.3 20 16 12 14 89% 5419 329 90%
c -  1.24  0 18 29 7523  1 121574 11420 1.3 20 16 12 14 89% 5419 329 90%
c w  1.25  0 18 29 7523  1 121574 11389 1.3 20 16 12 14 89% 5419 329 90%
c 
c  seconds  reductions   conflicts         size    tier2      variables
c         MB     restarts       redundant     glue     trail      remaining
c          level       rate          size/glue  tier1   irredundant
c 
c -  1.34  0 18 30 7561  1 130291 13911 1.3 20 16 12 14 89% 5419 329 90%
c B  1.40  0 18 30 7624  1 136029 17048 1.3 20 16 12 14 89% 5419 329 90%
c -  1.43  0 18 31 8471  1 139316 14985 1.3 20 16 12 16 89% 5419 329 90%
c -  1.52  0 18 32 10804  1 148647 13694 1.2 20 16 12 16 89% 5419 329 90%
c v  1.52  0 18 32 10804  1 148647 13681 1.2 20 16 12 16 89% 5419 329 90%
c w  1.53  0 18 32 10804  1 148647 13663 1.2 20 16 12 16 89% 5419 329 90%
c x  1.53  0 18 32 10804  1 148647 13662 1.2 20 16 12 16 89% 5410 329 90%
c I  1.57  0 18 32 11938  1 153031 14861 1.2 20 17 12 16 89% 5410 329 90%
c -  1.63  0 18 33 12059  1 158286 15181 1.3 21 16 12 16 89% 5410 329 90%
c -  1.74  0 18 34 12148  1 168235 20354 1.3 21 16 12 16 89% 5410 329 90%
c s  1.78  0 18 34 12152  1 169341 16098 1.3 21 16 12 16 89% 5410 329 90%
c e  1.79  0 18 34 12152  1 169341 15960 1.3 21 16 12 16 89% 5437 327 90%
c s  1.81  0 18 34 12152  1 169341 15414 1.3 21 16 12 16 89% 5437 327 90%
c B  1.83  0 18 34 12153  1 171032 16547 1.3 21 16 12 16 89% 5437 327 90%
c -  1.92  0 18 35 12159  1 178491 19738 1.3 21 16 12 16 88% 5437 327 90%
c w  1.92  0 18 35 12159  1 178491 19714 1.3 21 16 12 16 88% 5437 327 90%
c x  1.93  0 18 35 12159  1 178491 19714 1.3 21 16 12 16 88% 5421 327 90%
c -  2.06  0 18 36 12296  1 189054 23154 1.3 21 16 12 16 88% 5421 327 90%
c F  2.08  0 18 36 12303  1 190033 23929 1.3 21 16 12 16 88% 5421 327 90%
c -  2.18  0 18 37 12393  1 199924 25366 1.3 21 16 12 16 88% 5421 327 90%
c 
c  seconds  reductions    conflicts         size    tier2      variables
c         MB      restarts       redundant     glue     trail      remaining
c          level        rate          size/glue  tier1   irredundant
c 
c B  2.28  0 18 37 12537  1 210034 31344 1.3 20 16 12 16 88% 5421 327 90%
c -  2.29  0 18 38 12537  1 211102 27248 1.3 20 16 12 16 88% 5421 327 90%
c w  2.30  0 18 38 12537  1 211102 27150 1.3 20 16 12 16 88% 5421 327 90%
c x  2.30  0 18 38 12537  1 211102 27149 1.3 20 16 12 16 88% 5408 327 90%
c -  2.42  0 18 39 12668  1 222588 29594 1.3 20 15 12 16 88% 5408 327 90%
c s  2.49  0 18 39 12812  1 226118 21252 1.3 20 15 12 16 88% 5408 327 90%
c s  2.52  0 18 39 12812  1 226118 19674 1.3 20 15 12 16 88% 5408 327 90%
c #  2.58  0 18 39 12823  1 231035 22715 1.3 20 15 12 16 88% 5408 327 90%
c -  2.62  0 18 40 12833  1 234382 22937 1.3 20 15 12 16 88% 5408 327 90%
c -  2.75  0 17 41 12890  1 246485 27724 1.3 20 15 12 16 88% 5408 327 90%
c u  2.76  0 17 41 12890  1 246485 27722 1.3 20 15 12 16 88% 5408 327 90%
c v  2.76  0 17 41 12890  1 246485 27708 1.3 20 15 12 16 88% 5408 327 90%
c w  2.76  0 17 41 12890  1 246485 27668 1.3 20 15 12 16 88% 5408 327 90%
c B  2.83  0 17 41 12943  1 253038 31916 1.3 20 15 12 16 88% 5408 327 90%
c -  2.90  0 17 42 13094  1 258898 31306 1.3 20 15 12 16 88% 5408 327 90%
c -  3.03  0 17 43 13254  1 271619 33386 1.3 20 15 12 15 88% 5408 327 90%
c O  3.08  0 17 43 13266  1 276039 36309 1.3 20 15 12 15 88% 5408 327 90%
c -  3.18  0 17 44 13573  1 284649 36052 1.3 20 15 12 15 88% 5408 327 90%
c w  3.19  0 17 44 13573  1 284649 36027 1.3 20 15 12 15 88% 5408 327 90%
c s  3.28  0 17 44 13680  1 290883 39209 1.3 19 15 12 15 88% 5402 327 90%
c 
c  seconds  reductions    conflicts         size    tier2      variables
c         MB      restarts       redundant     glue     trail      remaining
c          level        rate          size/glue  tier1   irredundant
c 
c e  3.29  0 17 44 13680  1 290883 39074 1.3 19 15 12 15 88% 5418 326 89%
c s  3.32  0 17 44 13680  1 290883 28590 1.3 19 15 12 15 88% 5413 326 89%
c -  3.41  0 17 45 13810  1 297987 29675 1.3 19 15 12 15 88% 5413 326 89%
c B  3.43  0 17 45 13817  1 300041 30639 1.3 19 15 12 15 88% 5413 326 89%
c -  3.57  0 17 46 14995  1 311635 32027 1.3 19 15 12 15 88% 5413 326 89%
c v  3.58  0 17 46 14995  1 311635 32024 1.3 19 15 12 15 88% 5413 326 89%
c w  3.58  0 17 46 14995  1 311635 31980 1.3 19 15 12 15 88% 5413 326 89%
c I  3.73  0 17 46 15385  1 325043 39228 1.3 19 15 12 15 88% 5413 326 89%
c -  3.74  0 17 47 15387  1 325594 35323 1.3 19 15 12 15 88% 5413 326 89%
c -  3.96  0 17 48 15699  1 339859 42387 1.4 21 15 12 15 88% 5413 326 89%
c B  4.09  0 17 48 15838  1 351044 48314 1.4 21 14 12 15 88% 5413 326 89%
c -  4.13  0 17 49 16708  1 354434 44234 1.4 21 15 12 15 88% 5413 326 89%
c u  4.14  0 17 49 16708  1 354434 44224 1.4 21 15 12 15 88% 5413 326 89%
c v  4.14  0 17 49 16708  1 354434 44213 1.4 21 15 12 15 88% 5413 326 89%
c w  4.15  0 17 49 16708  1 354434 44184 1.4 21 15 12 15 88% 5413 326 89%
c -  4.30  0 18 50 20448  1 369320 40126 1.3 21 16 12 15 87% 5413 326 89%
c F  4.39  0 18 50 22679  1 378046 42818 1.3 21 16 12 15 87% 5413 326 89%
c -  4.46  0 18 51 22715  1 384513 39718 1.3 21 16 12 15 87% 5413 326 89%
c -  4.62  0 18 52 22826  1 400018 45945 1.3 21 16 12 16 88% 5413 326 89%
c B  4.67  0 18 52 22904  1 406047 48916 1.3 21 16 12 16 88% 5413 326 89%
c 
c  seconds  reductions    conflicts         size    tier2      variables
c         MB      restarts       redundant     glue     trail      remaining
c          level        rate          size/glue  tier1   irredundant
c 
c -  4.78  0 18 53 24417  1 415831 49713 1.3 21 16 12 16 88% 5413 326 89%
c u  4.79  0 18 53 24417  1 415831 49709 1.3 21 16 12 16 88% 5413 326 89%
c w  4.80  0 18 53 24417  1 415831 49681 1.3 21 16 12 16 88% 5413 326 89%
c x  4.80  0 18 53 24417  1 415831 49681 1.3 21 16 12 16 88% 5406 326 89%
c s  4.84  0 18 53 24417  1 415831 46564 1.3 21 16 12 16 88% 5406 326 89%
c s  4.88  0 18 53 24417  1 415831 46237 1.3 21 16 12 16 88% 5406 326 89%
c -  5.08  0 18 54 24590  1 431955 50455 1.3 20 16 12 16 88% 5406 326 89%
c #  5.12  0 18 54 24590  1 435049 52166 1.3 20 16 12 16 88% 5406 326 89%
c -  5.25  0 18 55 24831  1 448385 55326 1.3 20 16 12 16 88% 5406 326 89%
c B  5.43  0 17 55 25317  1 465050 64143 1.3 20 15 12 16 88% 5406 326 89%
c -  5.44  0 17 56 25329  1 465125 58848 1.3 20 15 12 16 88% 5406 326 89%
c v  5.45  0 17 56 25329  1 465125 58842 1.3 20 15 12 16 88% 5406 326 89%
c w  5.46  0 17 56 25329  1 465125 58755 1.3 20 15 12 16 88% 5406 326 89%
c -  5.65  0 17 57 25910  1 482176 62632 1.3 20 15 12 16 88% 5406 326 89%
c O  5.80  0 17 57 26125  1 496051 70928 1.3 20 15 12 16 88% 5406 326 89%
c -  5.84  0 17 58 26207  1 499536 67330 1.3 20 15 12 16 88% 5406 326 89%
c -  6.05  0 17 59 26691  1 517207 71198 1.3 20 15 12 16 88% 5406 326 89%
c B  6.18  0 17 59 26956  1 528054 77468 1.3 19 15 12 16 88% 5406 326 89%
c -  6.27  0 17 60 27620  1 535188 72964 1.3 19 15 12 16 88% 5406 326 89%
c w  6.31  0 17 60 27620  1 535188 72878 1.3 19 15 12 16 88% 5406 326 89%
c 
c  seconds  reductions    conflicts         size    tier2      variables
c         MB      restarts       redundant     glue     trail      remaining
c          level        rate          size/glue  tier1   irredundant
c 
c -  6.51  0 17 61 27910  1 553477 76859 1.3 19 15 12 16 88% 5406 326 89%
c I  6.60  0 17 61 27954  1 561055 81185 1.3 19 15 12 16 88% 5406 326 89%
c -  6.72  0 17 62 28309  1 572078 81206 1.3 19 15 12 16 88% 5406 326 89%
c -  6.95  0 17 63 28610  1 590986 86106 1.3 19 15 12 16 88% 5406 326 89%
c B  7.00  0 17 63 28683  1 595056 88904 1.3 19 15 12 16 88% 5406 326 89%
c -  7.17  0 18 64 32543  1 610206 83615 1.3 20 16 12 16 88% 5406 326 89%
c v  7.18  0 18 64 32543  1 610206 83591 1.3 20 16 12 16 88% 5406 326 89%
c w  7.19  0 18 64 32543  1 610206 83415 1.3 20 16 12 16 88% 5406 326 89%
c -  7.42  0 19 65 37491  1 629734 78064 1.2 21 17 12 16 88% 5406 326 89%
c F  7.42  0 19 65 37575  1 630057 78150 1.2 21 17 12 16 88% 5406 326 89%
c -  7.66  0 19 66 37640  1 649572 85199 1.2 21 17 12 16 88% 5406 326 89%
c B  7.87  0 18 66 37747  1 666058 95128 1.3 21 17 12 17 88% 5406 326 89%
c -  7.93  0 18 67 37782  1 669722 94534 1.3 21 16 12 17 88% 5406 326 89%
c -  8.21  0 18 68 37931  1 690185 100498 1.3 20 16 12 17 88% 5406 326 89%
c v  8.22  0 18 68 37931  1 690185 100486 1.3 20 16 12 17 88% 5406 326 89%
c w  8.23  0 18 68 37931  1 690185 100324 1.3 20 16 12 17 88% 5406 326 89%
c s  8.32  0 18 68 37931  1 690185 63601 1.3 20 16 12 17 88% 5403 326 89%
c s  8.39  0 18 68 37931  1 690185 55490 1.3 20 16 12 17 88% 5403 326 89%
c #  8.59  0 18 68 38158  1 703059 63820 1.3 20 16 12 17 88% 5403 326 89%
c -  8.68  0 18 69 38206  1 710954 64076 1.3 20 16 12 17 88% 5403 326 89%
c 
c  seconds  reductions    conflicts         size    tier2      variables
c         MB      restarts       redundant     glue     trail      remaining
c          level        rate          size/glue  tier1   irredundant
c 
c -  8.92  0 18 70 38317  1 732034 71221 1.3 20 15 12 16 88% 5403 326 89%
c B  9.02  0 17 70 38347  1 741060 76126 1.3 20 15 12 16 88% 5403 326 89%
c -  9.16  0 17 71 38642  1 753423 75530 1.3 20 15 12 16 88% 5403 326 89%
c w  9.19  0 17 71 38642  1 753423 75281 1.3 20 15 12 16 88% 5403 326 89%
c -  9.44  0 17 72 39177  1 775123 79897 1.3 19 15 12 16 88% 5403 326 89%
c O  9.50  0 17 72 39482  1 780063 82242 1.3 19 15 12 16 88% 5403 326 89%
c -  9.71  0 17 73 39899  1 797134 84676 1.3 19 15 12 16 88% 5403 326 89%
c - 10.00  0 17 74 40213  1 819454 90267 1.3 19 15 12 16 88% 5403 326 89%
c v 10.01  0 17 74 40213  1 819454 90256 1.3 19 15 12 16 88% 5403 326 89%
c w 10.03  0 17 74 40213  1 819454 90167 1.3 19 15 12 16 88% 5403 326 89%
c B 10.04  0 17 74 40213  1 820065 90495 1.3 19 15 12 16 88% 5403 326 89%
c - 10.32  0 17 75 41446  1 842085 94206 1.3 19 15 12 16 88% 5403 326 89%
c I 10.55  0 18 75 46304  1 861066 99637 1.2 20 16 12 16 88% 5403 326 89%
c - 10.61  0 18 76 46338  1 865027 91324 1.2 20 16 12 16 88% 5403 326 89%
c - 10.90  0 18 77 46716  1 888278 97775 1.3 20 16 12 16 87% 5403 326 89%
c w 10.93  0 18 77 46716  1 888278 97587 1.3 20 16 12 16 87% 5403 326 89%
c B 11.11  0 18 77 47081  1 903067 106322 1.3 20 16 12 16 87% 5403 326 89%
c - 11.22  0 18 78 47206  1 911840 104249 1.3 20 16 12 16 88% 5403 326 89%
c - 11.52  0 18 79 48082  1 935712 104967 1.3 20 16 12 16 88% 5403 326 89%
c F 11.66  0 18 79 48291  1 946068 111168 1.3 20 16 12 16 88% 5403 326 89%
c 
c  seconds  reductions    conflicts          size    tier2      variables
c         MB      restarts       redundant      glue     trail      remaining
c          level        rate           size/glue  tier1   irredundant
c 
c - 11.82  0 18 80 49038  1 959895 106912 1.3 20 16 12 16 88% 5403 326 89%
c v 11.83  0 18 80 49038  1 959895 106879 1.3 20 16 12 16 88% 5403 326 89%
c w 11.84  0 18 80 49038  1 959895 106748 1.3 20 16 12 16 88% 5403 326 89%
c - 12.15  0 17 81 49339  1 984388 113388 1.3 20 15 12 16 88% 5403 326 89%
c B 12.22  0 17 81 49372  1 990069 116757 1.3 20 15 12 16 88% 5403 326 89%
c - 12.46  0 19 82 54209  1 1009195 109691 1.3 21 17 12 16 88% 5403 326 89%
c - 12.76  0 20 83 60634  1 1034311 101099 1.2 22 19 12 16 88% 5403 326 89%
c v 12.78  0 20 83 60634  1 1034311 101085 1.2 22 19 12 16 88% 5403 326 89%
c w 12.79  0 20 83 60634  1 1034311 101017 1.2 22 19 12 16 88% 5403 326 89%
c # 12.80  0 21 83 60826  1 1035070 101263 1.2 22 19 12 16 88% 5403 326 89%
c - 13.09  0 20 84 60849  1 1059737 110995 1.2 22 18 13 18 88% 5403 326 89%
c B 13.37  0 20 84 60927  1 1081071 125696 1.3 22 17 13 18 88% 5403 326 89%
c - 13.44  0 19 85 60937  1 1085475 124297 1.3 22 17 13 18 88% 5403 326 89%
c - 13.85  0 19 86 61175  1 1111521 132950 1.3 22 17 13 18 88% 5403 326 89%
c w 13.89  0 19 86 61175  1 1111521 132466 1.3 22 17 13 18 88% 5403 326 89%
c O 14.14  0 19 86 61219  1 1128072 142917 1.3 21 16 13 18 88% 5403 326 89%
c - 14.30  0 18 87 61229  1 1137878 140794 1.3 22 16 13 18 88% 5403 326 89%
c - 14.68  0 18 88 61454  1 1164546 146539 1.4 21 16 13 18 88% 5403 326 89%
c B 14.85  0 18 88 61699  1 1176073 153113 1.3 21 16 13 18 88% 5403 326 89%
c - 15.09  0 18 89 62001  1 1191529 142733 1.3 21 15 12 17 88% 5403 326 89%
c 
c  seconds  reductions     conflicts          size    tier2      variables
c         MB      restarts        redundant      glue     trail      remaining
c          level        rate            size/glue  tier1   irredundant
c 
c u 15.10  0 18 89 62001  1 1191529 142728 1.3 21 15 12 17 88% 5403 326 89%
c v 15.11  0 18 89 62001  1 1191529 142720 1.3 21 15 12 17 88% 5403 326 89%
c w 15.13  0 18 89 62001  1 1191529 142381 1.3 21 15 12 17 88% 5403 326 89%
c - 15.51  0 17 90 62412  1 1218818 146057 1.3 20 15 12 17 88% 5403 326 89%
c I 15.60  0 17 90 62829  1 1225074 149317 1.3 20 15 12 17 88% 5403 326 89%
c - 15.87  0 17 91 62984  1 1246422 150422 1.3 20 15 12 17 88% 5403 326 89%
c - 16.27  0 17 92 63248  1 1274332 154558 1.3 19 15 12 16 87% 5403 326 89%
c w 16.31  0 17 92 63248  1 1274332 153810 1.3 19 15 12 16 87% 5403 326 89%
c B 16.32  0 17 92 63254  1 1275076 154194 1.3 19 15 12 16 87% 5403 326 89%
c - 16.68  0 17 93 67158  1 1302553 151823 1.3 20 15 12 16 87% 5403 326 89%
c F 16.97  0 17 93 68492  1 1326077 164577 1.3 20 15 12 16 87% 5403 326 89%
c - 17.05  0 17 94 68545  1 1331087 154588 1.3 20 15 12 16 87% 5403 326 89%
c - 17.38  0 17 95 68804  1 1359930 161811 1.3 19 15 12 16 87% 5403 326 89%
c u 17.40  0 17 95 68804  1 1359930 161804 1.3 19 15 12 16 87% 5403 326 89%
c w 17.42  0 17 95 68804  1 1359930 161557 1.3 19 15 12 16 87% 5403 326 89%
c B 17.62  0 17 95 69083  1 1378080 171211 1.3 19 15 12 16 88% 5403 326 89%
c - 17.78  0 18 96 71899  1 1389084 162940 1.2 20 16 12 16 88% 5403 326 89%
c - 18.19  0 20 97 79341  1 1418548 155101 1.2 21 18 12 16 88% 5403 326 89%
c # 18.34  0 21 97 82529  1 1431082 158773 1.2 22 19 12 16 87% 5403 326 89%
c - 18.54  0 20 98 82535  1 1448325 160012 1.2 22 18 13 18 88% 5403 326 89%
c 
c  seconds  reductions     conflicts          size    tier2      variables
c         MB      restarts        redundant      glue     trail      remaining
c          level        rate            size/glue  tier1   irredundant
c 
c - 18.95  0 19 99 82649  1 1478413 174129 1.2 22 17 13 18 88% 5403 326 89%
c w 19.00  0 19 99 82649  1 1478413 173729 1.2 22 17 13 18 88% 5403 326 89%
c B 19.10  0 19 99 82879  1 1485083 177451 1.2 22 17 13 18 88% 5403 326 89%
c - 19.49  0 19 100 82936  1 1508811 181366 1.3 21 17 13 18 88% 5403 326 89%
c - 19.90  0 18 101 83023  1 1539519 185421 1.3 20 16 13 18 88% 5403 326 89%
c O 19.92  0 18 101 83023  1 1540084 185704 1.3 20 16 13 18 88% 5403 326 89%
c - 20.34  0 18 102 83949  1 1570541 189108 1.3 20 16 13 18 88% 5403 326 89%
c w 20.38  0 18 102 83949  1 1570541 188838 1.3 20 16 13 18 88% 5403 326 89%
c B 20.71  0 17 102 84116  1 1596088 203536 1.3 20 15 13 18 88% 5403 326 89%
c - 20.80  0 17 103 84239  1 1601873 194217 1.3 19 15 13 18 88% 5403 326 89%
c - 21.24  0 17 104 84604  1 1633516 200375 1.3 19 15 13 18 88% 5403 326 89%
c I 21.52  0 17 104 84843  1 1653090 211625 1.3 19 15 12 17 88% 5403 326 89%
c - 21.70  0 17 105 84950  1 1665468 190969 1.3 19 14 12 17 88% 5403 326 89%
c v 21.72  0 17 105 84950  1 1665468 190948 1.3 19 14 12 17 88% 5403 326 89%
c w 21.75  0 17 105 84950  1 1665468 190362 1.3 19 14 12 17 88% 5403 326 89%
c - 22.20  0 16 106 85497  1 1697731 189871 1.3 19 14 12 17 88% 5403 326 89%
c B 22.38  0 16 106 85766  1 1711091 197028 1.3 18 14 12 17 88% 5403 326 89%
c - 22.66  0 18 107 90644  1 1730305 186197 1.2 20 16 12 17 88% 5403 326 89%
c - 23.12  0 20 108 98980  1 1763191 174451 1.2 22 19 12 17 87% 5403 326 89%
c w 23.17  0 20 108 98980  1 1763191 173899 1.2 22 19 12 17 87% 5403 326 89%
c 
c  seconds   reductions      conflicts          size    tier2      variables
c         MB       restarts         redundant      glue     trail      remaining
c          level          rate            size/glue  tier1   irredundant
c 
c F 23.26  0 21 108 100738  1 1770092 175784 1.2 22 19 12 17 88% 5403 326 89%
c - 23.63  0 20 109 100896  1 1796388 180931 1.2 23 19 13 19 88% 5403 326 89%
c - 24.17  0 20 110 101117  1 1829895 194720 1.3 22 18 13 19 88% 5403 326 89%
c B 24.21  0 20 110 101117  1 1830094 194781 1.3 22 18 13 19 88% 5403 326 89%
c - 24.81  0 19 111 101238  1 1863713 198099 1.3 21 17 12 18 88% 5403 326 89%
c v 24.84  0 19 111 101238  1 1863713 198080 1.3 21 17 12 18 88% 5403 326 89%
c w 24.87  0 19 111 101238  1 1863713 196655 1.3 21 17 12 18 88% 5403 326 89%
c # 25.29  0 18 111 101465  1 1891097 213958 1.3 21 16 12 18 88% 5403 326 89%
c - 25.40  0 18 112 101545  1 1897842 199054 1.3 21 16 12 18 88% 5403 326 89%
c - 25.87  0 18 113 101849  1 1932282 202401 1.3 20 16 12 17 88% 5403 326 89%
c B 26.15  0 17 113 102071  1 1953100 214211 1.3 20 15 12 17 88% 5403 326 89%
c - 26.39  0 17 114 102833  1 1967033 208794 1.3 20 15 12 17 88% 5403 326 89%
c v 26.42  0 17 114 102833  1 1967033 208773 1.3 20 15 12 17 88% 5403 326 89%
c w 26.45  0 17 114 102833  1 1967033 208202 1.3 20 15 12 17 88% 5403 326 89%
c - 27.01  0 17 115 103784  1 2002100 212133 1.3 20 15 12 17 88% 5403 326 89%
c O 27.23  0 17 115 103865  1 2016101 220422 1.3 20 15 12 17 88% 5403 326 89%
c - 27.55  0 17 116 104021  1 2037473 215895 1.3 19 15 12 17 88% 5403 326 89%
c - 28.13  0 16 117 105294  1 2073158 218206 1.3 19 15 12 17 88% 5403 326 89%
c v 28.15  0 16 117 105294  1 2073158 218192 1.3 19 15 12 17 88% 5403 326 89%
c w 28.19  0 16 117 105294  1 2073158 217524 1.3 19 15 12 17 88% 5403 326 89%
c 
c  seconds   reductions      conflicts          size    tier2      variables
c         MB       restarts         redundant      glue     trail      remaining
c          level          rate            size/glue  tier1   irredundant
c 
c B 28.31  0 16 117 105480  1 2080102 220944 1.3 19 15 12 17 88% 5403 326 89%
c - 28.75  0 16 118 106433  1 2109154 217805 1.3 19 14 12 17 88% 5403 326 89%
c I 29.27  0 16 118 107232  1 2145104 236694 1.3 18 14 12 17 88% 5403 326 89%
c - 29.31  0 16 119 107240  1 2145462 219738 1.3 18 14 12 17 88% 5403 326 89%
c - 29.78  0 16 120 107562  1 2182080 223984 1.3 18 14 12 17 88% 5403 326 89%
c u 29.80  0 16 120 107562  1 2182080 223964 1.3 18 14 12 17 88% 5403 326 89%
c v 29.81  0 16 120 107562  1 2182080 223951 1.3 18 14 12 17 88% 5403 326 89%
c w 29.85  0 16 120 107562  1 2182080 222546 1.3 18 14 12 17 88% 5403 326 89%
c B 30.25  0 16 120 108037  1 2211108 239102 1.3 18 14 12 17 88% 5403 326 89%
c - 30.36  0 16 121 108319  1 2219009 226778 1.3 18 14 12 17 88% 5403 326 89%
c - 30.83  0 16 122 110218  1 2256250 227272 1.3 18 14 12 16 88% 5403 326 89%
c F 31.09  0 16 122 110835  1 2278110 238254 1.3 17 14 12 16 88% 5403 326 89%
c - 31.31  0 15 123 111157  1 2293803 230412 1.3 17 14 12 16 88% 5403 326 89%
c v 31.34  0 15 123 111157  1 2293803 230376 1.3 17 14 12 16 88% 5403 326 89%
c w 31.36  0 15 123 111157  1 2293803 230006 1.3 17 14 12 16 88% 5403 326 89%
c - 31.88  0 15 124 111697  1 2331666 238389 1.3 17 14 12 16 88% 5403 326 89%
c B 32.09  0 15 124 111788  1 2346111 246672 1.3 17 13 12 16 88% 5403 326 89%
c - 32.41  0 15 125 112743  1 2369844 242424 1.3 17 13 12 16 88% 5403 326 89%
c - 32.98  0 15 126 115019  1 2408329 244078 1.3 17 14 12 16 88% 5403 326 89%
c v 33.01  0 15 126 115019  1 2408329 244054 1.3 17 14 12 16 88% 5403 326 89%
c 
c  seconds   reductions      conflicts          size    tier2      variables
c         MB       restarts         redundant      glue     trail      remaining
c          level          rate            size/glue  tier1   irredundant
c 
c w 33.05  0 15 126 115019  1 2408329 243548 1.3 17 14 12 16 88% 5403 326 89%
c # 33.14  0 15 126 115136  1 2415114 246888 1.2 17 14 12 16 88% 5403 326 89%
c - 33.59  0 15 127 116235  1 2447128 249027 1.3 17 14 12 16 88% 5403 326 89%
c B 34.13  0 15 127 117794  1 2485115 266820 1.2 17 14 12 16 88% 5403 326 89%
c - 34.18  0 15 128 118079  1 2486236 256558 1.2 17 14 12 16 88% 5403 326 89%
c - 34.77  0 15 129 119644  1 2525655 263202 1.2 17 14 12 16 88% 5403 326 89%
c v 34.80  0 15 129 119644  1 2525655 263176 1.2 17 14 12 16 88% 5403 326 89%
c w 34.84  0 15 129 119644  1 2525655 261849 1.2 17 14 12 16 88% 5403 326 89%
c O 35.25  0 15 129 120505  1 2556119 276961 1.2 17 14 12 16 88% 5403 326 89%
c - 35.42  0 15 130 120652  1 2565385 268049 1.2 17 14 12 16 88% 5403 326 89%
c - 36.07  0 15 131 122312  1 2605427 270760 1.2 17 14 12 16 88% 5403 326 89%
c B 36.44  0 15 131 122849  1 2628120 283195 1.3 17 14 12 16 88% 5403 326 89%
c - 36.77  0 16 132 127346  1 2645780 267044 1.2 18 15 12 16 88% 5403 326 89%
c u 36.80  0 16 132 127346  1 2645780 267036 1.2 18 15 12 16 88% 5403 326 89%
c v 36.81  0 16 132 127346  1 2645780 267028 1.2 18 15 12 16 88% 5403 326 89%
c w 36.87  0 16 132 127346  1 2645780 264352 1.2 18 15 12 16 88% 5403 326 89%
c - 37.63  0 18 133 137699  1 2686445 252198 1.2 20 17 12 16 88% 5403 326 89%
c I 37.87  0 19 133 141397  1 2701123 256633 1.2 20 17 12 16 88% 5403 326 89%
c - 38.33  0 20 134 141464  1 2727421 255127 1.3 21 17 12 16 88% 5403 326 89%
c w 38.40  0 20 134 141464  1 2727421 254551 1.3 21 17 12 16 88% 5403 326 89%
c 
c  seconds   reductions      conflicts          size    tier2      variables
c         MB       restarts         redundant      glue     trail      remaining
c          level          rate            size/glue  tier1   irredundant
c 
c - 39.11  0 19 135 141707  1 2768709 267013 1.3 21 16 12 16 88% 5403 326 89%
c B 39.22  0 19 135 141806  1 2775124 271053 1.3 21 16 12 16 88% 5403 326 89%
c - 39.86  0 18 136 142047  1 2810308 274579 1.3 20 16 12 16 88% 5403 326 89%
c F 40.51  0 17 136 142416  1 2850127 298014 1.3 20 15 12 16 88% 5403 326 89%
c - 40.58  0 17 137 142451  1 2852219 276388 1.3 20 15 12 16 88% 5403 326 89%
c v 40.63  0 17 137 142451  1 2852219 276364 1.3 20 15 12 16 88% 5403 326 89%
c w 40.68  0 17 137 142451  1 2852219 275448 1.3 20 15 12 16 88% 5403 326 89%
c - 41.29  0 17 138 143179  1 2894441 279965 1.3 19 15 12 16 88% 5403 326 89%
c B 41.76  0 16 138 143611  1 2926128 297706 1.3 19 14 12 16 88% 5403 326 89%
c - 41.95  0 16 139 143691  1 2936974 288291 1.3 18 14 12 16 88% 5403 326 89%
c - 42.60  0 16 140 144790  1 2979819 295269 1.3 18 14 12 16 88% 5403 326 89%
c w 42.70  0 16 140 144790  1 2979819 294089 1.3 18 14 12 16 88% 5403 326 89%
c # 43.04  0 16 140 145255  1 3003129 307213 1.3 18 14 12 16 88% 5403 326 89%
c - 43.34  0 16 141 145664  1 3022974 301603 1.3 18 14 12 16 88% 5403 326 89%
c - 44.04  0 16 142 147086  1 3066440 306564 1.3 18 14 12 16 88% 5403 326 89%
c B 44.27  0 15 142 147282  1 3081130 314008 1.3 17 14 12 16 88% 5403 326 89%
c - 44.71  0 15 143 148433  1 3110219 308757 1.3 17 14 12 16 88% 5403 326 89%
c v 44.75  0 15 143 148433  1 3110219 308674 1.3 17 14 12 16 88% 5403 326 89%
c w 44.79  0 15 143 148433  1 3110219 306781 1.3 17 14 12 16 88% 5403 326 89%
c - 45.51  0 15 144 150405  1 3154309 311353 1.3 17 14 12 16 88% 5403 326 89%
c 
c  seconds   reductions      conflicts          size    tier2      variables
c         MB       restarts         redundant      glue     trail      remaining
c          level          rate            size/glue  tier1   irredundant
c 
c O 45.61  0 15 144 150690  1 3160133 314021 1.3 17 14 12 16 88% 5403 326 89%
c - 46.35  0 15 145 152159  1 3198709 314472 1.3 17 14 12 16 88% 5403 326 89%
c v 46.39  0 15 145 152159  1 3198709 314449 1.3 17 14 12 16 88% 5403 326 89%
c w 46.41  0 15 145 152159  1 3198709 313688 1.3 17 14 12 16 88% 5403 326 89%
c B 47.08  0 15 145 154340  1 3240136 334010 1.3 17 14 12 16 88% 5403 326 89%
c - 47.18  0 16 146 155166  1 3243422 317234 1.2 17 14 12 16 88% 5403 326 89%
c - 47.95  0 16 147 158819  1 3288448 317646 1.2 17 14 12 16 88% 5403 326 89%
c v 47.99  0 16 147 158819  1 3288448 317641 1.2 17 14 12 16 88% 5403 326 89%
c w 48.03  0 16 147 158819  1 3288448 316641 1.2 17 14 12 16 88% 5403 326 89%
c I 48.52  0 16 147 159657  1 3321137 332881 1.2 17 14 12 16 88% 5403 326 89%
c - 48.73  0 16 148 160140  1 3333784 323824 1.3 18 14 12 16 88% 5403 326 89%
c - 49.38  0 16 149 162161  1 3379431 329234 1.3 18 14 12 16 88% 5403 326 89%
c B 49.69  0 16 149 163464  1 3403139 340883 1.2 18 14 12 16 88% 5403 326 89%
c - 50.02  0 16 150 164470  1 3425389 328823 1.2 18 14 12 16 88% 5403 326 89%
c v 50.06  0 16 150 164470  1 3425389 328796 1.2 18 14 12 16 88% 5403 326 89%
c w 50.11  0 16 150 164470  1 3425389 328479 1.2 18 14 12 16 88% 5403 326 89%
c - 50.81  0 16 151 166019  1 3471658 327097 1.2 17 14 12 16 88% 5403 326 89%
c F 51.04  0 16 151 166455  1 3486140 335348 1.2 18 14 12 16 88% 5403 326 89%
c - 51.56  0 16 152 167200  1 3518240 329204 1.3 18 14 12 16 88% 5403 326 89%
c - 52.35  0 16 153 168129  1 3565132 332131 1.3 18 14 12 16 87% 5403 326 89%
c 
c  seconds   reductions      conflicts          size    tier2      variables
c         MB       restarts         redundant      glue     trail      remaining
c          level          rate            size/glue  tier1   irredundant
c 
c u 52.37  0 16 153 168129  1 3565132 332105 1.3 18 14 12 16 87% 5403 326 89%
c v 52.40  0 16 153 168129  1 3565132 332097 1.3 18 14 12 16 87% 5403 326 89%
c w 52.46  0 16 153 168129  1 3565132 331152 1.3 18 14 12 16 87% 5403 326 89%
c B 52.54  0 16 153 168208  1 3570141 333723 1.3 18 14 12 16 87% 5403 326 89%
c - 53.25  0 19 154 178853  1 3612335 315363 1.2 21 18 12 16 87% 5403 326 89%
c # 53.95  0 22 154 189593  1 3655142 328468 1.1 23 20 12 16 87% 5403 326 89%
c - 54.07  0 21 155 189597  1 3659850 297133 1.1 23 20 12 16 87% 5403 326 89%
c v 54.11  0 21 155 189597  1 3659850 297122 1.1 23 20 12 16 87% 5403 326 89%
c w 54.15  0 21 155 189597  1 3659850 295428 1.1 23 20 12 16 87% 5403 326 89%
c - 55.07  0 21 156 189689  1 3707676 307422 1.3 24 18 12 16 88% 5403 326 89%
c B 55.63  0 20 156 189780  1 3741144 329988 1.3 23 17 12 16 88% 5403 326 89%
c - 55.89  0 19 157 189896  1 3755814 321888 1.3 22 17 12 16 88% 5403 326 89%
c v 55.94  0 19 157 189896  1 3755814 321849 1.3 22 17 12 16 88% 5403 326 89%
c w 55.99  0 19 157 189896  1 3755814 321553 1.3 22 17 12 16 88% 5403 326 89%
c - 56.86  0 18 158 190005  1 3804263 325881 1.3 21 16 12 16 88% 5403 326 89%
c O 57.34  0 18 158 190236  1 3828145 340139 1.3 21 16 12 16 88% 5403 326 89%
c - 57.77  0 17 159 190406  1 3853024 328319 1.3 20 15 12 16 88% 5403 326 89%
c w 57.86  0 17 159 190406  1 3853024 327226 1.3 20 15 12 16 88% 5403 326 89%
c - 58.68  0 17 160 190833  1 3902096 330522 1.3 19 15 12 16 88% 5403 326 89%
c B 58.91  0 17 160 191315  1 3916147 338886 1.3 19 14 12 16 88% 5403 326 89%
c 
c  seconds   reductions      conflicts          size    tier2      variables
c         MB       restarts         redundant      glue     trail      remaining
c          level          rate            size/glue  tier1   irredundant
c 
c - 59.50  0 16 161 192472  1 3951480 331188 1.3 19 14 12 16 88% 5403 326 89%
c v 59.54  0 16 161 192472  1 3951480 331179 1.3 19 14 12 16 88% 5403 326 89%
c w 59.59  0 16 161 192472  1 3951480 330186 1.3 19 14 12 16 88% 5403 326 89%
c - 60.47  0 16 162 194145  1 4001178 332679 1.3 18 14 12 16 88% 5403 326 89%
c I 60.54  0 16 162 194202  1 4005153 334646 1.3 18 14 12 16 88% 5403 326 89%
c - 61.27  0 16 163 195102  1 4051186 339963 1.3 18 14 12 16 87% 5403 326 89%
c v 61.32  0 16 163 195102  1 4051186 339933 1.3 18 14 12 16 87% 5403 326 89%
c w 61.36  0 16 163 195102  1 4051186 338997 1.3 18 14 12 16 87% 5403 326 89%
c B 62.02  0 16 163 195728  1 4095156 363160 1.3 18 14 12 16 87% 5403 326 89%
c - 62.17  0 17 164 197345  1 4101505 349839 1.3 18 15 12 16 87% 5403 326 89%
c - 63.07  0 21 165 210137  1 4152136 335337 1.2 22 19 12 16 87% 5403 326 89%
c v 63.12  0 21 165 210137  1 4152136 335275 1.2 22 19 12 16 87% 5403 326 89%
c w 63.14  0 21 165 210137  1 4152136 335118 1.2 22 19 12 16 87% 5403 326 89%
c F 63.71  0 22 165 218425  1 4186157 345793 1.1 23 20 12 16 87% 5403 326 89%
c - 64.04  0 22 166 218432  1 4203080 324426 1.2 24 20 12 16 87% 5403 326 89%
c - 65.07  0 20 167 218562  1 4254333 338588 1.3 24 18 12 16 87% 5403 326 89%
c u 65.10  0 20 167 218562  1 4254333 338580 1.3 24 18 12 16 87% 5403 326 89%
c v 65.13  0 20 167 218562  1 4254333 338571 1.3 24 18 12 16 87% 5403 326 89%
c w 65.18  0 20 167 218562  1 4254333 338001 1.3 24 18 12 16 87% 5403 326 89%
c B 65.69  0 20 167 218659  1 4278158 353484 1.3 23 18 12 16 88% 5403 326 89%
c 
c  seconds   reductions      conflicts          size    tier2      variables
c         MB       restarts         redundant      glue     trail      remaining
c          level          rate            size/glue  tier1   irredundant
c 
c - 66.20  0 19 168 218858  1 4305899 348177 1.3 23 17 12 16 88% 5403 326 89%
c - 67.29  0 18 169 219131  1 4357775 350972 1.4 22 16 12 16 88% 5403 326 89%
c v 67.35  0 18 169 219131  1 4357775 350950 1.4 22 16 12 16 88% 5403 326 89%
c w 67.41  0 18 169 219131  1 4357775 350571 1.4 22 16 12 16 88% 5403 326 89%
c # 67.63  0 18 169 219302  1 4371159 359051 1.4 22 16 12 16 88% 5403 326 89%
c - 68.22  0 17 170 219642  1 4409964 349007 1.4 21 15 12 16 88% 5403 326 89%
c - 69.08  0 17 171 220804  1 4462465 348638 1.3 20 15 12 16 88% 5403 326 89%
c B 69.14  0 17 171 220838  1 4465161 350113 1.3 20 15 12 16 88% 5403 326 89%
c - 69.93  0 18 172 233434  1 4515276 326593 1.2 20 16 12 16 87% 5403 326 89%
c v 69.98  0 18 172 233434  1 4515276 326570 1.2 20 16 12 16 87% 5403 326 89%
c w 70.06  0 18 172 233434  1 4515276 324019 1.2 20 16 12 16 87% 5403 326 89%
c O 70.76  0 19 172 242327  1 4560162 338714 1.2 21 18 12 16 87% 5403 326 89%
c - 70.93  0 19 173 242353  1 4568398 306790 1.2 21 18 12 16 87% 5403 326 89%
c - 71.76  0 18 174 242563  1 4621833 318762 1.2 20 16 12 17 87% 5403 326 89%
c v 71.81  0 18 174 242563  1 4621833 318748 1.2 20 16 12 17 87% 5403 326 89%
c w 71.84  0 18 174 242563  1 4621833 317481 1.2 20 16 12 17 87% 5403 326 89%
c B 72.38  0 18 174 244074  1 4656164 336778 1.3 20 16 12 17 88% 5403 326 89%
c - 72.75  0 18 175 248961  1 4675581 319264 1.2 20 16 12 16 88% 5403 326 89%
c - 73.66  0 18 176 251686  1 4729641 322256 1.3 20 16 12 17 88% 5403 326 89%
c w 73.81  0 18 176 251686  1 4729641 320787 1.3 20 16 12 17 88% 5403 326 89%
c 
c  seconds   reductions      conflicts          size    tier2      variables
c         MB       restarts         redundant      glue     trail      remaining
c          level          rate            size/glue  tier1   irredundant
c 
c I 74.19  0 17 176 251826  1 4753169 333948 1.3 19 15 12 17 88% 5403 326 89%
c - 74.74  0 17 177 252250  1 4784010 330946 1.3 19 15 12 17 87% 5403 326 89%
c - 75.68  0 17 178 252850  1 4838692 335720 1.3 19 15 12 16 87% 5403 326 89%
c v 75.73  0 17 178 252850  1 4838692 335671 1.3 19 15 12 16 87% 5403 326 89%
c w 75.77  0 17 178 252850  1 4838692 335415 1.3 19 15 12 16 87% 5403 326 89%
c B 75.96  0 17 178 253211  1 4851171 342719 1.3 19 15 12 16 87% 5403 326 89%
c - 76.67  0 20 179 263981  1 4893688 316621 1.2 22 19 12 16 87% 5403 326 89%
c - 77.64  0 23 180 277886  1 4948995 291559 1.1 24 22 12 17 87% 5403 326 89%
c v 77.69  0 23 180 277886  1 4948995 291531 1.1 24 22 12 17 87% 5403 326 89%
c w 77.73  0 23 180 277886  1 4948995 290382 1.1 24 22 12 17 87% 5403 326 89%
c F 77.75  0 23 180 278184  1 4950172 290715 1.1 25 22 12 17 87% 5403 326 89%
c - 78.82  0 22 181 278282  1 5004613 304150 1.3 25 20 12 17 87% 5403 326 89%
c B 79.83  0 20 181 278440  1 5050176 333188 1.3 24 18 12 17 87% 5403 326 89%
c - 80.18  0 20 182 278446  1 5060541 321478 1.3 24 18 12 17 87% 5403 326 89%
c v 80.23  0 20 182 278446  1 5060541 321452 1.3 24 18 12 17 87% 5403 326 89%
c w 80.29  0 20 182 278446  1 5060541 321116 1.3 24 18 12 17 87% 5403 326 89%
c - 81.34  0 19 183 278861  1 5116781 327288 1.4 23 17 12 17 88% 5403 326 89%
c # 81.93  0 18 183 278962  1 5151177 349158 1.4 22 16 12 17 87% 5403 326 89%
c - 82.33  0 18 184 279187  1 5173333 327512 1.4 21 16 12 17 88% 5403 326 89%
c u 82.35  0 18 184 279187  1 5173333 327499 1.4 21 16 12 17 88% 5403 326 89%
c 
c  seconds   reductions      conflicts          size    tier2      variables
c         MB       restarts         redundant      glue     trail      remaining
c          level          rate            size/glue  tier1   irredundant
c 
c v 82.38  0 18 184 279187  1 5173333 327490 1.4 21 16 12 17 88% 5403 326 89%
c w 82.43  0 18 184 279187  1 5173333 325428 1.4 21 16 12 17 88% 5403 326 89%
c - 83.38  0 17 185 280234  1 5230196 333284 1.4 20 15 12 17 88% 5403 326 89%
c B 83.76  0 17 185 280484  1 5253179 346010 1.3 20 15 12 17 88% 5403 326 89%
c - 84.35  0 17 186 281259  1 5287370 341267 1.3 19 15 12 17 88% 5403 326 89%
c v 84.41  0 17 186 281259  1 5287370 341241 1.3 19 15 12 17 88% 5403 326 89%
c w 84.43  0 17 186 281259  1 5287370 341020 1.3 19 15 12 17 88% 5403 326 89%
c - 85.42  0 16 187 282027  1 5344859 347358 1.3 18 14 12 17 88% 5403 326 89%
c O 85.61  0 16 187 283457  1 5356180 352296 1.3 18 14 12 17 88% 5403 326 89%
c - 86.41  0 16 188 284989  1 5402656 349587 1.3 18 14 12 17 88% 5403 326 89%
c u 86.44  0 16 188 284989  1 5402656 349580 1.3 18 14 12 17 88% 5403 326 89%
c v 86.47  0 16 188 284989  1 5402656 349573 1.3 18 14 12 17 88% 5403 326 89%
c w 86.52  0 16 188 284989  1 5402656 349192 1.3 18 14 12 17 88% 5403 326 89%
c B 87.51  0 21 188 299270  1 5460182 366034 1.2 22 19 12 17 88% 5403 326 89%
c - 87.58  0 21 189 299427  1 5460765 327206 1.2 22 19 12 17 88% 5403 326 89%
c - 88.54  0 23 190 314228  1 5519185 301068 1.1 25 22 12 17 88% 5403 326 89%
c v 88.58  0 23 190 314228  1 5519185 301048 1.1 25 22 12 17 88% 5403 326 89%
c w 88.63  0 23 190 314228  1 5519185 298774 1.1 25 22 12 17 88% 5403 326 89%
c I 89.32  0 25 190 324503  1 5565184 313122 1.1 26 23 12 17 87% 5403 326 89%
c - 89.59  0 25 191 324505  1 5577918 292138 1.2 27 23 12 18 88% 5403 326 89%
c 
c  seconds   reductions      conflicts          size    tier2      variables
c         MB       restarts         redundant      glue     trail      remaining
c          level          rate            size/glue  tier1   irredundant
c 
c - 90.80  0 23 192 324531  1 5636965 313682 1.3 26 20 12 18 88% 5403 326 89%
c v 90.86  0 23 192 324531  1 5636965 313542 1.3 26 20 12 18 88% 5403 326 89%
c w 90.89  0 23 192 324531  1 5636965 313190 1.3 26 20 12 18 88% 5403 326 89%
c B 91.44  0 21 192 324566  1 5671185 336885 1.3 25 19 12 18 88% 5403 326 89%
c - 91.91  0 21 193 324601  1 5696321 331174 1.3 24 18 12 18 88% 5403 326 89%
c - 93.09  0 19 194 324684  1 5755988 335858 1.4 22 16 12 18 88% 5403 326 89%
c v 93.16  0 19 194 324684  1 5755988 335819 1.4 22 16 12 18 88% 5403 326 89%
c w 93.22  0 19 194 324684  1 5755988 335132 1.4 22 16 12 18 88% 5403 326 89%
c F 93.62  0 18 194 324768  1 5778187 349909 1.4 21 16 12 17 88% 5403 326 89%
c - 94.19  0 18 195 325379  1 5815967 331083 1.3 21 15 12 17 88% 5403 326 89%
c - 95.19  0 17 196 326025  1 5876257 334903 1.3 19 15 12 17 88% 5403 326 89%
c v 95.25  0 17 196 326025  1 5876257 334876 1.3 19 15 12 17 88% 5403 326 89%
c w 95.28  0 17 196 326025  1 5876257 333663 1.3 19 15 12 17 88% 5403 326 89%
c B 95.42  0 17 196 326100  1 5886188 339298 1.3 19 14 12 17 88% 5403 326 89%
c - 96.29  0 17 197 328829  1 5936859 342003 1.3 19 14 12 17 88% 5403 326 89%
c # 97.25  0 16 197 329811  1 5995189 375238 1.3 18 14 12 17 88% 5403 326 89%
c - 97.34  0 16 198 329881  1 5997773 351392 1.3 18 14 12 17 88% 5403 326 89%
c w 97.44  0 16 198 329881  1 5997773 349555 1.3 18 14 12 17 88% 5403 326 89%
c - 98.39  0 16 199 331099  1 6059001 355624 1.3 18 14 12 17 88% 5403 326 89%
c B 99.08  0 16 199 332830  1 6105193 378311 1.3 17 14 12 17 88% 5403 326 89%
c 
c  seconds   reductions      conflicts          size    tier2      variables
c         MB       restarts         redundant      glue     trail      remaining
c          level          rate            size/glue  tier1   irredundant
c 
c - 99.36  0 15 200 333171  1 6120540 357299 1.3 17 14 12 17 88% 5403 326 89%
c v 99.41  0 15 200 333171  1 6120540 357251 1.3 17 14 12 17 88% 5403 326 89%
c w 99.46  0 15 200 333171  1 6120540 356544 1.3 17 14 12 17 88% 5403 326 89%
c - 100.39  0 15 201 335128  1 6182393 360922 1.3 17 14 12 17 88% 5403 326 89%
c O 100.96  0 15 201 336468  1 6216195 378087 1.3 17 14 12 17 88% 5403 326 89%
c - 101.46  0 15 202 337525  1 6244554 363356 1.3 17 14 12 17 88% 5403 326 89%
c u 101.49  0 15 202 337525  1 6244554 363338 1.3 17 14 12 17 88% 5403 326 89%
c v 101.52  0 15 202 337525  1 6244554 363322 1.3 17 14 12 17 88% 5403 326 89%
c w 101.60  0 15 202 337525  1 6244554 363140 1.3 17 14 12 17 88% 5403 326 89%
c - 102.66  0 21 203 353353  1 6307027 348353 1.1 22 19 12 17 88% 5403 326 89%
c B 102.99  0 22 203 358745  1 6328197 354455 1.1 23 20 12 17 88% 5403 326 89%
c } 103.30  0 22 203 358981  1 6346757 365992 1.2 23 20 12 17 88% 5403 326 89%
c ? 103.30  0 22 203 358981  1 6346757 365992 1.2 23 20 12 17 88% 5403 326 89%
c 
c --- [ closing proof ] ------------------------------------------------------
c 
c DRAT proof file 'proof/positive-base-unsat.drat' closed
c DRAT 6376646 added clauses 51.48%
c DRAT 6010991 deleted clauses 48.52%
c DRAT 1081854745 bytes (1031.74 MB)
c 
c --- [ result ] -------------------------------------------------------------
c 
c UNKNOWN
c 
c --- [ run-time profiling ] -------------------------------------------------
c 
c process time taken by individual solving procedures
c (percentage relative to process time for solving)
c 
c        97.23   94.12% search
c        97.23   94.12% unstable
c         6.07    5.88% simplify
c         3.92    3.80% vivify
c         0.49    0.47% subsume
c         0.42    0.41% probe
c         0.35    0.34% sweep
c         0.11    0.10% ternary
c         0.07    0.07% congruence
c         0.04    0.04% backbone
c         0.03    0.03% elim
c         0.00    0.00% parse
c         0.00    0.00% lucky
c   =================================
c       103.30  100.00% solve
c 
c last line shows process time for solving
c (percentage relative to total process time)
c 
c --- [ statistics ] ---------------------------------------------------------
c 
c chronological:            641956        10.11 %  of conflicts
c conflicts:               6346757     61440.06    per second
c backbone:                1443118    395374.79 %  of vars
c decisions:               7029967     68053.91    per second
c eliminated:                   39        10.68 %  of all variables
c learned:                 6266020        98.73 %  per conflict
c learned_lits:          306434840       100.00 %  learned literals
c minimized:                     0         0.00 %  learned literals
c shrunken:              174362646        56.90 %  learned literals
c minishrunken:            6460454         2.11 %  learned literals
c otfs:                      27378         0.43 %  of conflict
c propagations:          125764307         1.22 M  per second
c reduced:                 2909887        45.85 %  per conflict
c rephased:                    112     56667.47    interval
c restarts:                 358981        17.68    interval
c subsumed:                3026081        48.22 %  of all clauses
c strengthened:             110013         1.75 %  of all clauses
c ticks:                8078479985        74.18    propagation
c vivified:                  44957         0.72 %  of all clauses
c weakened:                    413         2.88    average size
c congruence:                   19    334039.84    interval
c 
c seconds are measured in process time for solving
c 
c --- [ glue usage ] ---------------------------------------------------------
c 
c focused glue 12 used 1871695 clauses 10.21% accumulated 52.80% tier1
c focused glue 13 used 1511218 clauses 8.244% accumulated 61.05%
c focused glue 14-15 used 2084196 clauses 11.37% accumulated 72.42%
c focused glue 16 used 815595 clauses 4.449% accumulated 76.87%
c focused glue 17 used 579546 clauses 3.161% accumulated 80.03% tier2
c 
c stable glue 2 used 0 clauses 0.000% accumulated 0.000% tier1
c stable glue 3 used 0 clauses 0.000% accumulated 0.000%
c stable glue 4 used 0 clauses 0.000% accumulated 0.000%
c stable glue 5 used 0 clauses 0.000% accumulated 0.000%
c stable glue 6 used 0 clauses 0.000% accumulated 0.000% tier2
c 
c 
c --- [ resources ] ----------------------------------------------------------
c 
c total process time since initialization:       103.30    seconds
c total real time since initialization:          105.72    seconds
c maximum resident set size of process:          367.77    MB
c 
c --- [ shutting down ] ------------------------------------------------------
c 
c exit 0
c raising signal 15 (SIGTERM)
